0 32 64 44.57066
0 32 60 42.11581
0 32 56 37.89768
0 32 52 36.52507
0 32 48 33.61869
0 32 44 35.233050000000006
0 32 40 27.46646
0 32 36 25.410919999999997
0 32 32 23.93807
0 32 28 21.493309999999997
0 32 24 19.62857
0 32 20 17.71959
0 32 16 17.16198
0 32 12 14.91706
0 32 8 10.57017
0 32 4 8.8
0 31 64 43.29483
0 31 60 45.04238
0 31 56 37.66013
0 31 52 40.15316
0 31 48 34.80131
0 31 44 33.57007
0 31 40 27.684220000000003
0 31 36 29.159930000000003
0 31 32 22.94534
0 31 28 23.14045
0 31 24 19.498459999999998
0 31 20 20.42214
0 31 16 16.82707
0 31 12 13.726230000000001
0 31 8 12.22624
0 31 4 8.94326
0 30 64 42.1421
0 30 60 40.53702
0 30 56 38.11302
0 30 52 36.33492
0 30 48 31.19892
0 30 44 32.01888
0 30 40 26.86689
0 30 36 26.27971
0 30 32 23.12739
0 30 28 21.50387
0 30 24 20.86944
0 30 20 17.933860000000003
0 30 16 14.707189999999999
0 30 12 12.88966
0 30 8 10.49915
0 30 4 8.804929999999999
0 29 64 40.35887
0 29 60 44.0023
0 29 56 38.82859
0 29 52 37.51142
0 29 48 30.8649
0 29 44 32.6456
0 29 40 26.22227
0 29 36 26.318209999999997
0 29 32 23.67111
0 29 28 25.74884
0 29 24 18.65638
0 29 20 18.204970000000003
0 29 16 16.51734
0 29 12 13.384150000000002
0 29 8 10.364650000000001
0 29 4 8.76034
0 28 64 39.87801
0 28 60 38.62166
0 28 56 33.58432
0 28 52 33.79312
0 28 48 29.762529999999998
0 28 44 26.935000000000002
0 28 40 24.60029
0 28 36 25.455419999999997
0 28 32 23.32628
0 28 28 20.1759
0 28 24 20.12163
0 28 20 16.60828
0 28 16 14.5778
0 28 12 12.38663
0 28 8 10.13908
0 28 4 10.51071
0 27 64 36.41742
0 27 60 39.4793
0 27 56 34.57644
0 27 52 34.03375
0 27 48 30.01961
0 27 44 28.813470000000002
0 27 40 28.17709
0 27 36 24.82179
0 27 32 20.8625
0 27 28 21.05633
0 27 24 20.47917
0 27 20 17.23321
0 27 16 14.081029999999998
0 27 12 12.92719
0 27 8 10.087359999999999
0 27 4 8.81853
0 26 64 36.68822
0 26 60 36.51231
0 26 56 31.893
0 26 52 30.603430000000003
0 26 48 26.966499999999996
0 26 44 26.067490000000003
0 26 40 24.84013
0 26 36 22.96308
0 26 32 23.843200000000003
0 26 28 20.91523
0 26 24 17.51268
0 26 20 16.740129999999997
0 26 16 13.505139999999999
0 26 12 12.026069999999999
0 26 8 9.98972
0 26 4 10.44049
0 25 64 36.50391
0 25 60 36.08517
0 25 56 35.33878
0 25 52 33.87581
0 25 48 27.00233
0 25 44 27.417630000000003
0 25 40 23.70529
0 25 36 25.1849
0 25 32 21.94019
0 25 28 19.87353
0 25 24 19.89802
0 25 20 15.90269
0 25 16 13.44173
0 25 12 12.4155
0 25 8 11.621300000000002
0 25 4 10.35712
0 24 64 33.60149
0 24 60 31.26377
0 24 56 29.903869999999998
0 24 52 26.910649999999997
0 24 48 27.24764
0 24 44 23.86167
0 24 40 23.25997
0 24 36 20.75531
0 24 32 21.49697
0 24 28 19.88787
0 24 24 16.64135
0 24 20 16.39869
0 24 16 13.08828
0 24 12 11.58623
0 24 8 9.78705
0 24 4 10.10047
0 23 64 34.536339999999996
0 23 60 34.47357
0 23 56 31.38758
0 23 52 29.680329999999998
0 23 48 25.911720000000003
0 23 44 25.444540000000003
0 23 40 22.81825
0 23 36 24.2474
0 23 32 18.791330000000002
0 23 28 22.17862
0 23 24 16.97308
0 23 20 15.7482
0 23 16 12.806740000000001
0 23 12 11.84065
0 23 8 11.40321
0 23 4 8.52547
0 22 64 37.15888
0 22 60 30.613989999999998
0 22 56 28.755789999999998
0 22 52 26.13945
0 22 48 25.11578
0 22 44 23.79149
0 22 40 21.567639999999997
0 22 36 21.04864
0 22 32 18.7111
0 22 28 19.692030000000003
0 22 24 15.95286
0 22 20 14.288640000000001
0 22 16 12.554179999999999
0 22 12 11.22128
0 22 8 9.5504
0 22 4 8.38435
0 21 64 31.65376
0 21 60 32.17543
0 21 56 27.156640000000003
0 21 52 27.515810000000002
0 21 48 23.623260000000002
0 21 44 24.30524
0 21 40 21.75231
0 21 36 22.80896
0 21 32 19.85968
0 21 28 18.779880000000002
0 21 24 16.17607
0 21 20 16.60048
0 21 16 12.31817
0 21 12 11.08119
0 21 8 9.56279
0 21 4 9.96815
0 20 64 29.47638
0 20 60 27.054389999999998
0 20 56 26.306200000000004
0 20 52 24.879269999999998
0 20 48 23.17645
0 20 44 21.52697
0 20 40 22.10947
0 20 36 21.15475
0 20 32 17.83955
0 20 28 18.430790000000002
0 20 24 14.72745
0 20 20 13.513349999999999
0 20 16 11.78435
0 20 12 10.49958
0 20 8 11.15398
0 20 4 8.24589
0 19 64 28.69871
0 19 60 28.491839999999996
0 19 56 25.830370000000002
0 19 52 25.348
0 19 48 22.17344
0 19 44 25.25331
0 19 40 19.57891
0 19 36 19.52503
0 19 32 17.387520000000002
0 19 28 17.46908
0 19 24 15.045280000000002
0 19 20 13.700930000000001
0 19 16 13.818850000000001
0 19 12 12.40954
0 19 8 9.40704
0 19 4 8.41805
0 18 64 27.13707
0 18 60 26.46195
0 18 56 23.708319999999997
0 18 52 23.40359
0 18 48 22.59696
0 18 44 22.67286
0 18 40 19.31081
0 18 36 20.4193
0 18 32 16.7362
0 18 28 16.236060000000002
0 18 24 14.332170000000001
0 18 20 14.93726
0 18 16 13.28097
0 18 12 10.28733
0 18 8 11.28698
0 18 4 8.4335
0 17 64 25.713250000000002
0 17 60 26.15555
0 17 56 23.28736
0 17 52 25.244790000000002
0 17 48 21.182789999999997
0 17 44 22.41024
0 17 40 19.0726
0 17 36 18.98781
0 17 32 16.052950000000003
0 17 28 15.738140000000001
0 17 24 15.43206
0 17 20 13.16991
0 17 16 11.22535
0 17 12 10.29651
0 17 8 10.86813
0 17 4 8.27501
0 16 64 24.04413
0 16 60 23.12585
0 16 56 21.5537
0 16 52 22.25599
0 16 48 19.92359
0 16 44 20.519750000000002
0 16 40 17.74717
0 16 36 16.89088
0 16 32 15.57757
0 16 28 14.55824
0 16 24 13.16058
0 16 20 11.6775
0 16 16 12.3729
0 16 12 11.626169999999998
0 16 8 8.86176
0 16 4 8.052579999999999
0 15 64 23.32804
0 15 60 23.469859999999997
0 15 56 21.635080000000002
0 15 52 23.690949999999997
0 15 48 20.95718
0 15 44 20.48057
0 15 40 18.22611
0 15 36 18.916580000000003
0 15 32 14.69373
0 15 28 14.88845
0 15 24 12.94144
0 15 20 14.26973
0 15 16 12.06567
0 15 12 9.95561
0 15 8 10.51578
0 15 4 8.02948
0 14 64 21.59037
0 14 60 21.73696
0 14 56 21.934240000000003
0 14 52 21.06006
0 14 48 18.22214
0 14 44 19.62441
0 14 40 16.64781
0 14 36 16.014400000000002
0 14 32 14.60736
0 14 28 13.55351
0 14 24 14.302019999999999
0 14 20 11.75911
0 14 16 10.145119999999999
0 14 12 9.71607
0 14 8 8.774270000000001
0 14 4 7.8668499999999995
0 13 64 22.27189
0 13 60 23.52454
0 13 56 20.91594
0 13 52 20.311970000000002
0 13 48 17.87846
0 13 44 17.94307
0 13 40 16.72118
0 13 36 15.417070000000002
0 13 32 15.0921
0 13 28 15.114329999999999
0 13 24 11.98361
0 13 20 11.67687
0 13 16 11.61568
0 13 12 9.546980000000001
0 13 8 8.51824
0 13 4 7.94566
0 12 64 21.50214
0 12 60 20.7689
0 12 56 18.144190000000002
0 12 52 19.0311
0 12 48 16.5362
0 12 44 15.78208
0 12 40 14.60569
0 12 36 15.79634
0 12 32 14.78515
0 12 28 12.30573
0 12 24 13.164290000000001
0 12 20 10.48724
0 12 16 9.73818
0 12 12 9.14519
0 12 8 8.34915
0 12 4 9.49296
0 11 64 18.80525
0 11 60 22.19041
0 11 56 17.69533
0 11 52 17.90364
0 11 48 15.82042
0 11 44 15.636989999999999
0 11 40 15.89473
0 11 36 13.97094
0 11 32 12.28292
0 11 28 12.48381
0 11 24 13.04847
0 11 20 10.46415
0 11 16 9.52291
0 11 12 9.185279999999999
0 11 8 8.39572
0 11 4 7.89616
0 10 64 17.707839999999997
0 10 60 19.631619999999998
0 10 56 16.54765
0 10 52 16.68912
0 10 48 14.6511
0 10 44 14.235230000000001
0 10 40 13.466919999999998
0 10 36 12.7814
0 10 32 13.36272
0 10 28 13.215710000000001
0 10 24 10.43606
0 10 20 10.120470000000001
0 10 16 9.28999
0 10 12 8.85021
0 10 8 8.21104
0 10 4 9.58446
0 9 64 18.19866
0 9 60 17.100830000000002
0 9 56 15.989889999999999
0 9 52 17.16509
0 9 48 14.08631
0 9 44 14.040790000000001
0 9 40 12.90167
0 9 36 14.55187
0 9 32 13.21385
0 9 28 11.05226
0 9 24 11.819490000000002
0 9 20 9.98547
0 9 16 9.264289999999999
0 9 12 8.901340000000001
0 9 8 9.93168
0 9 4 9.45159
0 8 64 15.34581
0 8 60 14.54749
0 8 56 14.486910000000002
0 8 52 13.49167
0 8 48 14.81427
0 8 44 12.40983
0 8 40 11.65053
0 8 36 11.51225
0 8 32 12.327300000000001
0 8 28 11.811810000000001
0 8 24 9.7327
0 8 20 11.026410000000002
0 8 16 8.93087
0 8 12 8.39516
0 8 8 8.095009999999998
0 8 4 9.66262
0 7 64 16.18031
0 7 60 14.827869999999999
0 7 56 15.13214
0 7 52 13.260290000000001
0 7 48 12.287590000000002
0 7 44 12.50631
0 7 40 11.40586
0 7 36 12.700319999999998
0 7 32 10.080869999999999
0 7 28 11.98365
0 7 24 9.60548
0 7 20 9.36119
0 7 16 8.62038
0 7 12 8.3483
0 7 8 9.60417
0 7 4 7.8614
0 6 64 13.12509
0 6 60 12.87827
0 6 56 13.960449999999998
0 6 52 12.05862
0 6 48 11.54785
0 6 44 11.18986
0 6 40 10.35036
0 6 36 10.0952
0 6 32 9.79296
0 6 28 11.25975
0 6 24 9.20823
0 6 20 8.81706
0 6 16 8.34662
0 6 12 8.14269
0 6 8 7.94348
0 6 4 7.76659
0 5 64 13.43245
0 5 60 14.167950000000001
0 5 56 11.6344
0 5 52 11.707270000000001
0 5 48 10.39667
0 5 44 10.59242
0 5 40 15.2392
0 5 36 11.68855
0 5 32 11.03411
0 5 28 9.32672
0 5 24 8.78559
0 5 20 10.43328
0 5 16 8.29821
0 5 12 8.13728
0 5 8 7.852360000000001
0 5 4 9.4039
0 4 64 12.249600000000001
0 4 60 10.49852
0 4 56 11.92704
0 4 52 10.011379999999999
0 4 48 9.72083
0 4 44 9.521249999999998
0 4 40 10.991790000000002
0 4 36 10.89527
0 4 32 8.88407
0 4 28 10.461730000000001
0 4 24 8.53464
0 4 20 8.30375
0 4 16 8.09357
0 4 12 7.83737
0 4 8 9.45888
0 4 4 8.76998
0 3 64 11.82566
0 3 60 10.37014
0 3 56 9.874559999999999
0 3 52 9.67923
0 3 48 9.53219
0 3 44 11.474310000000001
0 3 40 9.3441
0 3 36 9.21115
0 3 32 8.888580000000001
0 3 28 8.813749999999999
0 3 24 8.171199999999999
0 3 20 8.05991
0 3 16 9.52
0 3 12 9.47462
0 3 8 7.778369999999999
0 3 4 6.728229999999999
0 2 64 10.65725
0 2 60 8.97715
0 2 56 9.101510000000001
0 2 52 8.63041
0 2 48 10.052480000000001
0 2 44 10.09824
0 2 40 8.28655
0 2 36 9.765889999999999
0 2 32 8.03641
0 2 28 7.9135
0 2 24 7.84202
0 2 20 9.52492
0 2 16 9.5671
0 2 12 7.857349999999999
0 2 8 9.32477
0 2 4 6.71088
0 1 64 8.03398
0 1 60 8.14167
0 1 56 7.91334
0 1 52 9.5831
0 1 48 7.87482
0 1 44 9.57056
0 1 40 7.93092
0 1 36 7.8720300000000005
0 1 32 7.76252
0 1 28 7.7786599999999995
0 1 24 9.23564
0 1 20 7.763780000000001
0 1 16 7.787389999999999
0 1 12 6.79705
0 1 8 8.188310000000001
0 1 4 6.7231
1 32 64 23.76841
1 32 60 22.95712
1 32 56 20.893189999999997
1 32 52 19.7286
1 32 48 18.54416
1 32 44 19.75088
1 32 40 15.333160000000001
1 32 36 14.53516
1 32 32 14.01606
1 32 28 12.93911
1 32 24 12.226300000000002
1 32 20 11.66077
1 32 16 12.182369999999999
1 32 12 11.05666
1 32 8 8.394749999999998
1 32 4 7.89968
1 31 64 23.34912
1 31 60 23.6761
1 31 56 20.69255
1 31 52 22.19008
1 31 48 20.05872
1 31 44 18.20221
1 31 40 15.6209
1 31 36 16.89398
1 31 32 13.90852
1 31 28 13.439589999999999
1 31 24 12.19593
1 31 20 13.57686
1 31 16 12.26362
1 31 12 9.54336
1 31 8 10.33373
1 31 4 7.96589
1 30 64 22.97187
1 30 60 22.220019999999998
1 30 56 21.725659999999998
1 30 52 20.77939
1 30 48 17.84759
1 30 44 19.017919999999997
1 30 40 15.10077
1 30 36 15.013760000000001
1 30 32 13.60202
1 30 28 13.01296
1 30 24 13.74118
1 30 20 11.47398
1 30 16 10.41321
1 30 12 9.17025
1 30 8 8.45549
1 30 4 7.99616
1 29 64 22.47102
1 29 60 23.679930000000002
1 29 56 21.807650000000002
1 29 52 19.69687
1 29 48 17.4713
1 29 44 16.88063
1 29 40 15.036249999999999
1 29 36 15.00227
1 29 32 15.209590000000002
1 29 28 16.29591
1 29 24 11.96614
1 29 20 11.899320000000001
1 29 16 12.43602
1 29 12 9.38641
1 29 8 8.35882
1 29 4 7.864990000000001
1 28 64 22.603410000000004
1 28 60 21.94097
1 28 56 19.02502
1 28 52 19.81155
1 28 48 16.659390000000002
1 28 44 20.92193
1 28 40 14.9103
1 28 36 15.817509999999999
1 28 32 14.59046
1 28 28 12.457340000000002
1 28 24 13.75798
1 28 20 11.25193
1 28 16 10.151039999999998
1 28 12 9.09635
1 28 8 8.17376
1 28 4 9.41103
1 27 64 20.05475
1 27 60 21.99978
1 27 56 18.91971
1 27 52 18.336570000000002
1 27 48 16.80263
1 27 44 15.77079
1 27 40 16.698240000000002
1 27 36 14.22384
1 27 32 12.88772
1 27 28 12.56393
1 27 24 13.67082
1 27 20 11.09572
1 27 16 9.91238
1 27 12 9.168960000000002
1 27 8 8.232990000000001
1 27 4 7.823589999999999
1 26 64 19.78925
1 26 60 20.83873
1 26 56 18.006790000000002
1 26 52 17.32602
1 26 48 15.355329999999999
1 26 44 14.86647
1 26 40 14.34973
1 26 36 13.51459
1 26 32 14.85696
1 26 28 13.778020000000001
1 26 24 11.7224
1 26 20 10.93943
1 26 16 9.95673
1 26 12 9.11175
1 26 8 8.322149999999999
1 26 4 9.63789
1 25 64 20.97363
1 25 60 19.31731
1 25 56 18.53066
1 25 52 19.40819
1 25 48 15.16108
1 25 44 15.1155
1 25 40 13.99043
1 25 36 15.32758
1 25 32 14.35593
1 25 28 12.07484
1 25 24 13.2418
1 25 20 10.66602
1 25 16 9.829440000000002
1 25 12 9.058519999999998
1 25 8 10.03788
1 25 4 9.703240000000001
1 24 64 18.54109
1 24 60 17.84905
1 24 56 16.75798
1 24 52 15.34007
1 24 48 16.16768
1 24 44 14.369979999999998
1 24 40 13.523489999999999
1 24 36 12.83866
1 24 32 13.92774
1 24 28 13.78396
1 24 24 11.118229999999999
1 24 20 12.0665
1 24 16 9.31424
1 24 12 8.78706
1 24 8 8.19385
1 24 4 9.42534
1 23 64 19.99136
1 23 60 18.562469999999998
1 23 56 18.54966
1 23 52 16.014110000000002
1 23 48 14.484150000000001
1 23 44 14.579510000000003
1 23 40 13.470049999999999
1 23 36 15.08336
1 23 32 12.034109999999998
1 23 28 13.82033
1 23 24 11.07165
1 23 20 10.47565
1 23 16 9.223650000000001
1 23 12 8.870690000000002
1 23 8 10.05781
1 23 4 7.91174
1 22 64 18.036379999999998
1 22 60 17.07827
1 22 56 17.04231
1 22 52 14.79072
1 22 48 14.395169999999998
1 22 44 13.79917
1 22 40 13.068010000000001
1 22 36 12.729690000000002
1 22 32 11.74345
1 22 28 13.32727
1 22 24 10.9216
1 22 20 10.10509
1 22 16 9.35715
1 22 12 8.75728
1 22 8 8.14067
1 22 4 7.85645
1 21 64 18.61712
1 21 60 18.40518
1 21 56 15.327449999999999
1 21 52 15.063379999999999
1 21 48 14.142499999999998
1 21 44 14.10614
1 21 40 13.00695
1 21 36 14.45341
1 21 32 13.987680000000001
1 21 28 11.91345
1 21 24 10.85543
1 21 20 11.87714
1 21 16 9.028360000000001
1 21 12 8.58048
1 21 8 8.190529999999999
1 21 4 9.73373
1 20 64 17.39338
1 20 60 15.179680000000001
1 20 56 16.36467
1 20 52 14.56519
1 20 48 13.76954
1 20 44 13.14422
1 20 40 14.43909
1 20 36 13.733059999999998
1 20 32 11.799109999999999
1 20 28 13.057210000000001
1 20 24 10.42644
1 20 20 9.69603
1 20 16 8.81789
1 20 12 8.31312
1 20 8 9.97619
1 20 4 7.7516099999999994
1 19 64 16.887320000000003
1 19 60 15.456249999999999
1 19 56 14.943940000000001
1 19 52 14.60096
1 19 48 13.39693
1 19 44 15.01971
1 19 40 12.3039
1 19 36 12.05857
1 19 32 11.7202
1 19 28 11.22549
1 19 24 10.27338
1 19 20 9.43766
1 19 16 10.71529
1 19 12 10.37302
1 19 8 8.17037
1 19 4 7.76839
1 18 64 16.327650000000002
1 18 60 15.15165
1 18 56 14.182139999999999
1 18 52 13.68864
1 18 48 14.59242
1 18 44 14.43337
1 18 40 12.07257
1 18 36 13.88438
1 18 32 11.22262
1 18 28 10.72991
1 18 24 9.96905
1 18 20 11.02966
1 18 16 10.80895
1 18 12 8.37846
1 18 8 9.74208
1 18 4 7.822150000000001
1 17 64 14.72074
1 17 60 14.89117
1 17 56 13.768320000000001
1 17 52 15.38806
1 17 48 13.053659999999999
1 17 44 14.28861
1 17 40 12.32874
1 17 36 12.04912
1 17 32 10.97495
1 17 28 10.63715
1 17 24 11.57105
1 17 20 9.37891
1 17 16 8.758140000000001
1 17 12 8.306809999999999
1 17 8 9.79914
1 17 4 7.835430000000001
1 16 64 14.16861
1 16 60 13.64186
1 16 56 13.22336
1 16 52 13.154079999999999
1 16 48 12.501919999999998
1 16 44 14.124350000000002
1 16 40 12.01664
1 16 36 11.352569999999998
1 16 32 10.611650000000001
1 16 28 10.36256
1 16 24 9.73127
1 16 20 9.56512
1 16 16 10.80752
1 16 12 10.49293
1 16 8 8.20366
1 16 4 8.332070000000002
1 15 64 14.025210000000001
1 15 60 13.787029999999998
1 15 56 13.37337
1 15 52 15.099029999999999
1 15 48 14.37543
1 15 44 12.844170000000002
1 15 40 12.192260000000001
1 15 36 13.44433
1 15 32 10.82909
1 15 28 10.58448
1 15 24 9.788039999999999
1 15 20 11.53885
1 15 16 10.574839999999998
1 15 12 8.617180000000001
1 15 8 10.80175
1 15 4 8.056180000000001
1 14 64 13.30932
1 14 60 13.19291
1 14 56 14.942810000000001
1 14 52 14.40381
1 14 48 12.31452
1 14 44 14.028390000000002
1 14 40 11.38836
1 14 36 11.084999999999999
1 14 32 10.23785
1 14 28 10.06269
1 14 24 11.34338
1 14 20 9.036470000000001
1 14 16 8.67873
1 14 12 8.42115
1 14 8 8.44425
1 14 4 8.32768
1 13 64 13.60138
1 13 60 15.38106
1 13 56 14.28641
1 13 52 12.792549999999999
1 13 48 12.046019999999999
1 13 44 12.015080000000001
1 13 40 11.365580000000001
1 13 36 10.90388
1 13 32 12.009149999999998
1 13 28 11.48256
1 13 24 9.255479999999999
1 13 20 8.987269999999999
1 13 16 10.53696
1 13 12 8.083590000000001
1 13 8 7.950210000000001
1 13 4 7.967550000000001
1 12 64 14.662020000000002
1 12 60 13.94374
1 12 56 12.21379
1 12 52 13.5395
1 12 48 11.16374
1 12 44 10.882819999999999
1 12 40 10.41293
1 12 36 11.919450000000001
1 12 32 11.129079999999998
1 12 28 9.05955
1 12 24 10.503519999999998
1 12 20 8.46515
1 12 16 8.24167
1 12 12 8.13296
1 12 8 7.88544
1 12 4 9.33869
1 11 64 11.870280000000001
1 11 60 14.386779999999998
1 11 56 11.794310000000001
1 11 52 11.539990000000001
1 11 48 10.89158
1 11 44 10.64438
1 11 40 12.09418
1 11 36 9.83194
1 11 32 9.27859
1 11 28 9.04409
1 11 24 10.51935
1 11 20 8.41831
1 11 16 8.15222
1 11 12 7.990589999999999
1 11 8 7.7359100000000005
1 11 4 7.7615300000000005
1 10 64 11.74206
1 10 60 13.42612
1 10 56 11.117140000000001
1 10 52 10.942789999999999
1 10 48 10.700700000000001
1 10 44 10.0655
1 10 40 9.81344
1 10 36 9.22083
1 10 32 10.5561
1 10 28 10.49877
1 10 24 8.441669999999998
1 10 20 8.29872
1 10 16 7.974629999999999
1 10 12 7.76861
1 10 8 7.73878
1 10 4 9.52631
1 9 64 13.09411
1 9 60 11.23775
1 9 56 10.68922
1 9 52 12.25872
1 9 48 9.99946
1 9 44 9.843720000000001
1 9 40 9.18515
1 9 36 10.99314
1 9 32 10.59469
1 9 28 8.55974
1 9 24 10.04151
1 9 20 8.176549999999999
1 9 16 7.97776
1 9 12 7.8884799999999995
1 9 8 9.59414
1 9 4 9.30911
1 8 64 10.767619999999999
1 8 60 10.359850000000002
1 8 56 10.032540000000001
1 8 52 9.81072
1 8 48 11.24643
1 8 44 9.22732
1 8 40 8.782630000000001
1 8 36 8.7693
1 8 32 10.14653
1 8 28 10.10774
1 8 24 8.19294
1 8 20 9.83193
1 8 16 7.90559
1 8 12 7.92499
1 8 8 7.70537
1 8 4 9.49638
1 7 64 11.731069999999999
1 7 60 15.58003
1 7 56 11.516940000000002
1 7 52 9.4238
1 7 48 9.07527
1 7 44 8.98227
1 7 40 8.73165
1 7 36 10.20122
1 7 32 8.34973
1 7 28 10.075520000000001
1 7 24 8.083770000000001
1 7 20 8.087390000000001
1 7 16 7.97923
1 7 12 7.7952
1 7 8 9.57229
1 7 4 7.63418
1 6 64 9.24483
1 6 60 9.30301
1 6 56 10.94605
1 6 52 8.9431
1 6 48 8.82563
1 6 44 8.75308
1 6 40 8.48278
1 6 36 8.3743
1 6 32 8.1059
1 6 28 9.82303
1 6 24 8.00521
1 6 20 7.92816
1 6 16 7.90973
1 6 12 7.72861
1 6 8 7.79232
1 6 4 7.6642
1 5 64 10.77785
1 5 60 10.83542
1 5 56 8.77104
1 5 52 8.810469999999999
1 5 48 8.37312
1 5 44 8.39616
1 5 40 8.36633
1 5 36 9.801409999999999
1 5 32 9.79692
1 5 28 8.04157
1 5 24 8.00074
1 5 20 8.387229999999999
1 5 16 7.04277
1 5 12 7.0313300000000005
1 5 8 6.85215
1 5 4 7.8776399999999995
1 4 64 8.81606
1 4 60 7.84755
1 4 56 8.717279999999999
1 4 52 7.5366100000000005
1 4 48 7.47919
1 4 44 7.64135
1 4 40 8.39802
1 4 36 8.55119
1 4 32 7.26992
1 4 28 8.19395
1 4 24 7.16105
1 4 20 7.252840000000001
1 4 16 7.022049999999999
1 4 12 6.905279999999999
1 4 8 7.948390000000001
1 4 4 6.83706
1 3 64 8.460239999999999
1 3 60 7.50515
1 3 56 7.495769999999999
1 3 52 7.43395
1 3 48 7.331709999999999
1 3 44 8.31389
1 3 40 7.12331
1 3 36 7.21814
1 3 32 7.03444
1 3 28 7.14406
1 3 24 7.009919999999999
1 3 20 7.00755
1 3 16 7.963330000000001
1 3 12 7.89225
1 3 8 6.88052
1 3 4 5.754689999999999
1 2 64 8.10933
1 2 60 7.177250000000001
1 2 56 7.22839
1 2 52 7.1117799999999995
1 2 48 8.14454
1 2 44 8.03552
1 2 40 7.0519300000000005
1 2 36 8.134530000000002
1 2 32 6.8885
1 2 28 7.01577
1 2 24 6.92464
1 2 20 7.92558
1 2 16 7.901599999999999
1 2 12 6.849880000000001
1 2 8 7.85037
1 2 4 5.7666
1 1 64 6.88966
1 1 60 7.06103
1 1 56 7.04068
1 1 52 7.81372
1 1 48 6.91367
1 1 44 7.82477
1 1 40 6.9822
1 1 36 6.849410000000001
1 1 32 6.799810000000001
1 1 28 6.8298
1 1 24 7.8441
1 1 20 6.99392
1 1 16 7.43933
1 1 12 6.2077100000000005
1 1 8 7.09808
1 1 4 6.16874
2 32 64 7.648280000000001
2 32 60 8.56019
2 32 56 8.18694
2 32 52 8.184800000000001
2 32 48 7.66745
2 32 44 8.52599
2 32 40 6.54416
2 32 36 6.327769999999999
2 32 32 6.17338
2 32 28 5.90807
2 32 24 5.5549100000000005
2 32 20 5.42332
2 32 16 6.21945
2 32 12 5.95168
2 32 8 4.45857
2 32 4 4.32615
2 31 64 8.87469
2 31 60 14.30663
2 31 56 8.22483
2 31 52 9.15827
2 31 48 8.751100000000001
2 31 44 6.64048
2 31 40 6.387169999999999
2 31 36 7.120379999999999
2 31 32 6.28925
2 31 28 5.97194
2 31 24 5.60224
2 31 20 6.356540000000001
2 31 16 6.23585
2 31 12 4.94487
2 31 8 5.373189999999999
2 31 4 4.29513
2 30 64 8.99529
2 30 60 8.2136
2 30 56 8.92704
2 30 52 8.70083
2 30 48 7.245979999999999
2 30 44 7.57437
2 30 40 6.04163
2 30 36 5.94461
2 30 32 5.81088
2 30 28 5.81827
2 30 24 6.5705599999999995
2 30 20 5.02035
2 30 16 4.87545
2 30 12 4.83578
2 30 8 4.45293
2 30 4 4.34637
2 29 64 8.41527
2 29 60 9.04007
2 29 56 8.8193
2 29 52 7.3888300000000005
2 29 48 7.16122
2 29 44 6.16638
2 29 40 6.01419
2 29 36 5.8169
2 29 32 6.7143999999999995
2 29 28 6.480930000000001
2 29 24 5.19015
2 29 20 5.02413
2 29 16 5.86889
2 29 12 4.69894
2 29 8 4.46285
2 29 4 4.33567
2 28 64 9.18378
2 28 60 8.949160000000001
2 28 56 7.660260000000001
2 28 52 8.38518
2 28 48 6.631270000000001
2 28 44 6.1895
2 28 40 5.84134
2 28 36 6.85168
2 28 32 6.65152
2 28 28 5.3921399999999995
2 28 24 6.296250000000001
2 28 20 5.072350000000001
2 28 16 4.88628
2 28 12 4.71085
2 28 8 4.43936
2 28 4 5.2621400000000005
2 27 64 7.98804
2 27 60 8.90193
2 27 56 7.4352599999999995
2 27 52 7.0543700000000005
2 27 48 6.5597199999999996
2 27 44 6.084350000000001
2 27 40 7.0458
2 27 36 5.76864
2 27 32 5.48183
2 27 28 5.36083
2 27 24 6.16269
2 27 20 4.969670000000001
2 27 16 4.86736
2 27 12 4.6645199999999996
2 27 8 4.397080000000001
2 27 4 4.26771
2 26 64 7.93136
2 26 60 8.69776
2 26 56 7.22237
2 26 52 6.58448
2 26 48 6.1422799999999995
2 26 44 6.0655
2 26 40 5.89786
2 26 36 5.63193
2 26 32 6.616960000000001
2 26 28 6.32514
2 26 24 5.2033
2 26 20 4.95839
2 26 16 4.76785
2 26 12 4.62311
2 26 8 4.42649
2 26 4 5.2623
2 25 64 8.71876
2 25 60 7.38874
2 25 56 7.11667
2 25 52 7.541079999999999
2 25 48 6.09161
2 25 44 5.90384
2 25 40 5.7973799999999995
2 25 36 6.63414
2 25 32 6.517569999999999
2 25 28 5.2376000000000005
2 25 24 6.104839999999999
2 25 20 4.94009
2 25 16 4.80307
2 25 12 4.63175
2 25 8 5.341609999999999
2 25 4 5.2248
2 24 64 7.43201
2 24 60 7.24188
2 24 56 6.64302
2 24 52 6.205540000000001
2 24 48 7.01683
2 24 44 5.87729
2 24 40 5.753159999999999
2 24 36 5.53808
2 24 32 6.37642
2 24 28 6.31814
2 24 24 5.06592
2 24 20 5.84774
2 24 16 4.74478
2 24 12 4.72691
2 24 8 4.4592
2 24 4 5.1895
2 23 64 8.25236
2 23 60 7.31852
2 23 56 8.87091
2 23 52 6.643739999999999
2 23 48 6.43283
2 23 44 6.368030000000001
2 23 40 6.24156
2 23 36 7.87401
2 23 32 5.91914
2 23 28 7.4879
2 23 24 5.597
2 23 20 5.44029
2 23 16 5.35229
2 23 12 5.326440000000001
2 23 8 6.7854
2 23 4 4.94327
2 22 64 7.7417
2 22 60 7.17568
2 22 56 8.44049
2 22 52 6.59539
2 22 48 6.40947
2 22 44 6.30035
2 22 40 6.12355
2 22 36 6.06326
2 22 32 5.84915
2 22 28 7.3847700000000005
2 22 24 5.5393
2 22 20 5.46967
2 22 16 5.39382
2 22 12 5.149830000000001
2 22 8 5.10134
2 22 4 4.9368099999999995
2 21 64 8.879900000000001
2 21 60 8.430340000000001
2 21 56 6.70764
2 21 52 6.48053
2 21 48 6.40586
2 21 44 6.2831399999999995
2 21 40 6.10489
2 21 36 7.59244
2 21 32 7.4942
2 21 28 5.69075
2 21 24 5.5192
2 21 20 7.1008
2 21 16 5.24883
2 21 12 5.1215
2 21 8 5.12816
2 21 4 6.62054
2 20 64 8.518080000000001
2 20 60 6.6319
2 20 56 8.26653
2 20 52 6.407579999999999
2 20 48 6.32901
2 20 44 6.30396
2 20 40 7.71788
2 20 36 7.62221
2 20 32 5.69756
2 20 28 7.39155
2 20 24 5.5616699999999994
2 20 20 5.411429999999999
2 20 16 5.375780000000001
2 20 12 5.066269999999999
2 20 8 6.71456
2 20 4 4.92323
2 19 64 8.50771
2 19 60 6.506690000000001
2 19 56 6.41757
2 19 52 6.4186
2 19 48 6.3219899999999996
2 19 44 7.94637
2 19 40 5.98375
2 19 36 5.838660000000001
2 19 32 5.71804
2 19 28 5.6202000000000005
2 19 24 5.427999999999999
2 19 20 5.45344
2 19 16 7.205500000000001
2 19 12 6.99923
2 19 8 5.0837
2 19 4 4.92954
2 18 64 8.30327
2 18 60 6.483140000000001
2 18 56 6.42206
2 18 52 6.23345
2 18 48 7.97729
2 18 44 7.8248
2 18 40 5.903200000000001
2 18 36 7.53281
2 18 32 5.69089
2 18 28 5.5599099999999995
2 18 24 5.40733
2 18 20 6.99971
2 18 16 6.97204
2 18 12 5.09725
2 18 8 6.78349
2 18 4 4.89732
2 17 64 6.5351
2 17 60 6.43267
2 17 56 6.27023
2 17 52 7.8246
2 17 48 6.07136
2 17 44 7.57636
2 17 40 5.959099999999999
2 17 36 5.797149999999999
2 17 32 5.67414
2 17 28 5.44842
2 17 24 7.2467500000000005
2 17 20 5.37712
2 17 16 5.307519999999999
2 17 12 5.08666
2 17 8 6.710229999999999
2 17 4 4.8392
2 16 64 6.39328
2 16 60 6.26309
2 16 56 6.18567
2 16 52 6.11619
2 16 48 5.9703100000000004
2 16 44 7.69248
2 16 40 5.75673
2 16 36 5.66204
2 16 32 5.5163
2 16 28 5.45892
2 16 24 5.37639
2 16 20 5.26182
2 16 16 6.85965
2 16 12 6.93581
2 16 8 5.0718
2 16 4 4.89677
2 15 64 6.2660800000000005
2 15 60 6.234719999999999
2 15 56 6.05043
2 15 52 7.90188
2 15 48 7.69599
2 15 44 5.82087
2 15 40 5.79738
2 15 36 7.30336
2 15 32 5.49751
2 15 28 5.44348
2 15 24 5.3782499999999995
2 15 20 6.98604
2 15 16 6.75021
2 15 12 5.07382
2 15 8 6.64928
2 15 4 4.88668
2 14 64 6.301019999999999
2 14 60 6.05734
2 14 56 7.77622
2 14 52 7.6346799999999995
2 14 48 5.8326899999999995
2 14 44 7.5996500000000005
2 14 40 5.63347
2 14 36 5.50444
2 14 32 5.49552
2 14 28 5.44989
2 14 24 7.11594
2 14 20 5.35849
2 14 16 5.11767
2 14 12 5.0951
2 14 8 4.986370000000001
2 14 4 4.96089
2 13 64 6.08828
2 13 60 7.67619
2 13 56 7.69158
2 13 52 5.88474
2 13 48 5.77907
2 13 44 5.61955
2 13 40 5.55581
2 13 36 5.4419699999999995
2 13 32 7.14461
2 13 28 7.20951
2 13 24 5.287240000000001
2 13 20 5.20046
2 13 16 6.77747
2 13 12 5.016249999999999
2 13 8 5.0161999999999995
2 13 4 4.825060000000001
2 12 64 7.7034199999999995
2 12 60 7.68643
2 12 56 5.77641
2 12 52 7.528129999999999
2 12 48 5.653599999999999
2 12 44 5.60048
2 12 40 5.49727
2 12 36 7.30804
2 12 32 7.15324
2 12 28 5.3305299999999995
2 12 24 6.8817
2 12 20 5.13645
2 12 16 5.12077
2 12 12 5.05536
2 12 8 4.99681
2 12 4 6.56106
2 11 64 5.82365
2 11 60 7.534179999999999
2 11 56 5.725859999999999
2 11 52 5.615969999999999
2 11 48 5.60769
2 11 44 5.50656
2 11 40 7.1531199999999995
2 11 36 5.443020000000001
2 11 32 5.30641
2 11 28 5.31377
2 11 24 6.99305
2 11 20 5.31479
2 11 16 5.26205
2 11 12 5.08006
2 11 8 5.02467
2 11 4 4.88903
2 10 64 5.936179999999999
2 10 60 7.411289999999999
2 10 56 5.7157100000000005
2 10 52 5.7132499999999995
2 10 48 5.4738500000000005
2 10 44 5.5673200000000005
2 10 40 5.48788
2 10 36 5.42032
2 10 32 7.09315
2 10 28 7.18918
2 10 24 5.30115
2 10 20 5.14403
2 10 16 5.08526
2 10 12 5.24297
2 10 8 4.96704
2 10 4 5.68569
2 9 64 6.9359
2 9 60 5.67792
2 9 56 5.6736699999999995
2 9 52 7.078110000000001
2 9 48 5.709779999999999
2 9 44 5.65415
2 9 40 5.3185
2 9 36 6.29299
2 9 32 6.19302
2 9 28 5.30256
2 9 24 6.83706
2 9 20 5.06662
2 9 16 5.01117
2 9 12 5.01821
2 9 8 6.60281
2 9 4 6.09885
2 8 64 5.586469999999999
2 8 60 10.641449999999999
2 8 56 5.497920000000001
2 8 52 5.52463
2 8 48 7.3816999999999995
2 8 44 5.3822
2 8 40 5.50666
2 8 36 5.354139999999999
2 8 32 6.21264
2 8 28 6.13072
2 8 24 5.24909
2 8 20 6.5855999999999995
2 8 16 5.00679
2 8 12 5.04396
2 8 8 5.01712
2 8 4 6.3767700000000005
2 7 64 7.290749999999999
2 7 60 5.423349999999999
2 7 56 6.76566
2 7 52 5.40796
2 7 48 5.46036
2 7 44 5.4926200000000005
2 7 40 5.21993
2 7 36 6.32602
2 7 32 5.44435
2 7 28 6.78029
2 7 24 5.29507
2 7 20 5.01302
2 7 16 5.31492
2 7 12 5.03728
2 7 8 6.69337
2 7 4 4.85334
2 6 64 5.43265
2 6 60 5.51801
2 6 56 6.96134
2 6 52 5.36653
2 6 48 5.34119
2 6 44 5.16649
2 6 40 5.32384
2 6 36 5.11281
2 6 32 5.03427
2 6 28 5.98698
2 6 24 5.16509
2 6 20 5.19936
2 6 16 5.08513
2 6 12 4.87709
2 6 8 4.931839999999999
2 6 4 4.81068
2 5 64 6.455839999999999
2 5 60 6.783360000000001
2 5 56 5.17269
2 5 52 5.23897
2 5 48 5.3162199999999995
2 5 44 5.12454
2 5 40 5.12845
2 5 36 6.6135
2 5 32 6.70589
2 5 28 5.0359300000000005
2 5 24 5.14164
2 5 20 6.03866
2 5 16 4.9351400000000005
2 5 12 4.97804
2 5 8 5.05216
2 5 4 6.13863
2 4 64 6.155670000000001
2 4 60 5.1478
2 4 56 6.057790000000001
2 4 52 5.31203
2 4 48 5.213889999999999
2 4 44 5.03988
2 4 40 6.65332
2 4 36 6.70589
2 4 32 5.059290000000001
2 4 28 6.74537
2 4 24 4.94407
2 4 20 4.87501
2 4 16 4.97578
2 4 12 4.8758099999999995
2 4 8 6.72976
2 4 4 4.91952
2 3 64 5.87146
2 3 60 5.04336
2 3 56 4.92557
2 3 52 5.01239
2 3 48 5.05059
2 3 44 5.68868
2 3 40 4.99789
2 3 36 4.9694400000000005
2 3 32 5.02717
2 3 28 5.05865
2 3 24 4.99597
2 3 20 5.12643
2 3 16 5.82166
2 3 12 6.22883
2 3 8 4.86461
2 3 4 4.79748
2 2 64 5.83491
2 2 60 5.06336
2 2 56 5.1055
2 2 52 5.14368
2 2 48 6.86182
2 2 44 6.9319999999999995
2 2 40 5.0357400000000005
2 2 36 6.888720000000001
2 2 32 5.08582
2 2 28 4.988989999999999
2 2 24 4.91674
2 2 20 6.61008
2 2 16 6.649369999999999
2 2 12 4.84029
2 2 8 6.758369999999999
2 2 4 4.7928
2 1 64 4.82742
2 1 60 4.88265
2 1 56 4.85494
2 1 52 6.64745
2 1 48 4.84493
2 1 44 6.802849999999999
2 1 40 4.80214
2 1 36 5.13338
2 1 32 5.07021
2 1 28 4.852259999999999
2 1 24 5.82688
2 1 20 4.9016
2 1 16 4.79834
2 1 12 4.89581
2 1 8 6.72156
2 1 4 4.9421100000000004
3 32 64 17.40666
3 32 60 18.21462
3 32 56 17.626490000000004
3 32 52 17.04794
3 32 48 15.77242
3 32 44 16.95486
3 32 40 13.439519999999998
3 32 36 12.931170000000002
3 32 32 13.46355
3 32 28 12.355419999999999
3 32 24 10.27386
3 32 20 9.78688
3 32 16 10.82634
3 32 12 10.7999
3 32 8 8.903870000000001
3 32 4 8.489049999999999
3 31 64 18.55306
3 31 60 17.92832
3 31 56 17.407140000000002
3 31 52 18.74387
3 31 48 17.28969
3 31 44 14.22851
3 31 40 13.15904
3 31 36 14.593509999999998
3 31 32 12.50732
3 31 28 12.056650000000001
3 31 24 10.02019
3 31 20 11.380479999999999
3 31 16 10.98663
3 31 12 8.919130000000001
3 31 8 12.1991
3 31 4 8.45977
3 30 64 18.28249
3 30 60 17.7023
3 30 56 19.25674
3 30 52 18.498689999999996
3 30 48 15.371580000000002
3 30 44 15.969829999999998
3 30 40 12.97117
3 30 36 12.77863
3 30 32 12.48963
3 30 28 12.143899999999999
3 30 24 11.1952
3 30 20 9.40226
3 30 16 9.22407
3 30 12 8.95444
3 30 8 8.75196
3 30 4 8.58243
3 29 64 17.95942
3 29 60 18.59619
3 29 56 18.27142
3 29 52 15.46227
3 29 48 14.96358
3 29 44 13.192070000000001
3 29 40 13.22656
3 29 36 12.95194
3 29 32 13.277920000000002
3 29 28 18.616709999999998
3 29 24 9.887270000000001
3 29 20 9.85097
3 29 16 11.13974
3 29 12 9.13635
3 29 8 8.958210000000001
3 29 4 8.412
3 28 64 19.5193
3 28 60 19.06031
3 28 56 17.10784
3 28 52 17.67279
3 28 48 14.257440000000003
3 28 44 13.75757
3 28 40 13.09344
3 28 36 14.29005
3 28 32 13.97885
3 28 28 11.73178
3 28 24 11.7103
3 28 20 9.433629999999999
3 28 16 8.91038
3 28 12 8.92198
3 28 8 8.479330000000001
3 28 4 10.09364
3 27 64 17.28772
3 27 60 18.53953
3 27 56 15.509500000000001
3 27 52 14.94214
3 27 48 13.575510000000001
3 27 44 12.99904
3 27 40 14.33316
3 27 36 12.60519
3 27 32 11.75628
3 27 28 10.14604
3 27 24 11.013349999999999
3 27 20 9.38845
3 27 16 9.06512
3 27 12 8.6816
3 27 8 8.385950000000001
3 27 4 8.37706
3 26 64 16.7778
3 26 60 18.223170000000003
3 26 56 14.65996
3 26 52 14.020710000000001
3 26 48 13.07853
3 26 44 12.79674
3 26 40 12.51025
3 26 36 11.98419
3 26 32 12.72563
3 26 28 10.871870000000001
3 26 24 9.52519
3 26 20 9.320060000000002
3 26 16 8.917019999999999
3 26 12 8.883939999999999
3 26 8 8.56483
3 26 4 9.346720000000001
3 25 64 17.87049
3 25 60 15.21395
3 25 56 14.83345
3 25 52 15.183789999999998
3 25 48 12.71086
3 25 44 12.68636
3 25 40 12.23376
3 25 36 13.59769
3 25 32 13.341660000000001
3 25 28 14.337320000000002
3 25 24 11.56563
3 25 20 9.13342
3 25 16 9.08486
3 25 12 9.23545
3 25 8 10.15551
3 25 4 10.556830000000001
3 24 64 15.87305
3 24 60 18.295319999999997
3 24 56 14.368310000000001
3 24 52 13.23555
3 24 48 14.618120000000001
3 24 44 12.30226
3 24 40 12.1919
3 24 36 11.918239999999999
3 24 32 11.74512
3 24 28 11.379529999999999
3 24 24 9.344850000000001
3 24 20 11.41281
3 24 16 9.11466
3 24 12 8.5848
3 24 8 8.49142
3 24 4 9.8079
3 23 64 19.9568
3 23 60 14.43341
3 23 56 14.989149999999999
3 23 52 13.01322
3 23 48 12.75203
3 23 44 12.449919999999999
3 23 40 12.08333
3 23 36 13.41161
3 23 32 11.07908
3 23 28 12.281599999999997
3 23 24 9.37089
3 23 20 8.955259999999999
3 23 16 8.51014
3 23 12 8.84192
3 23 8 10.17113
3 23 4 8.294630000000002
3 22 64 15.02297
3 22 60 13.569989999999999
3 22 56 15.035400000000001
3 22 52 12.92909
3 22 48 12.76601
3 22 44 12.58637
3 22 40 12.1967
3 22 36 12.60915
3 22 32 9.87129
3 22 28 13.84013
3 22 24 9.370379999999999
3 22 20 9.09526
3 22 16 8.93918
3 22 12 8.704889999999999
3 22 8 8.52243
3 22 4 8.22292
3 21 64 15.260159999999999
3 21 60 15.17996
3 21 56 12.681059999999999
3 21 52 12.34938
3 21 48 12.43609
3 21 44 12.30256
3 21 40 14.954979999999999
3 21 36 11.29609
3 21 32 11.31847
3 21 28 9.46438
3 21 24 9.223130000000001
3 21 20 10.99599
3 21 16 9.04473
3 21 12 11.1736
3 21 8 8.573509999999999
3 21 4 9.9289
3 20 64 15.1591
3 20 60 12.974820000000001
3 20 56 14.531749999999999
3 20 52 12.53527
3 20 48 12.13712
3 20 44 12.34474
3 20 40 13.31802
3 20 36 11.692440000000001
3 20 32 9.73459
3 20 28 11.20083
3 20 24 9.23658
3 20 20 9.09216
3 20 16 10.6232
3 20 12 8.695129999999999
3 20 8 10.30265
3 20 4 8.16262
3 19 64 14.67526
3 19 60 12.77827
3 19 56 12.66816
3 19 52 12.44205
3 19 48 14.930240000000001
3 19 44 13.55514
3 19 40 10.0267
3 19 36 9.78307
3 19 32 9.54007
3 19 28 9.50582
3 19 24 9.0031
3 19 20 11.55607
3 19 16 10.16329
3 19 12 10.204740000000001
3 19 8 8.429670000000002
3 19 4 8.07965
3 18 64 22.847810000000003
3 18 60 12.64621
3 18 56 15.373190000000001
3 18 52 12.30115
3 18 48 13.354980000000001
3 18 44 13.28998
3 18 40 9.97435
3 18 36 14.9723
3 18 32 9.466529999999999
3 18 28 9.12288
3 18 24 9.03773
3 18 20 10.69389
3 18 16 10.362079999999999
3 18 12 8.692870000000001
3 18 8 10.26566
3 18 4 8.03565
3 17 64 12.832920000000001
3 17 60 12.575479999999999
3 17 56 12.36822
3 17 52 27.316670000000002
3 17 48 11.81443
3 17 44 11.89167
3 17 40 9.814680000000001
3 17 36 15.96733
3 17 32 9.89118
3 17 28 10.03827
3 17 24 10.63822
3 17 20 8.90707
3 17 16 8.68307
3 17 12 8.483740000000001
3 17 8 10.879650000000002
3 17 4 8.45841
3 16 64 14.66963
3 16 60 12.54205
3 16 56 12.1277
3 16 52 12.00044
3 16 48 10.28851
3 16 44 11.42362
3 16 40 10.88727
3 16 36 9.59127
3 16 32 9.89594
3 16 28 9.175619999999999
3 16 24 10.493689999999999
3 16 20 8.905180000000001
3 16 16 11.339360000000001
3 16 12 9.94867
3 16 8 8.38812
3 16 4 7.91972
3 15 64 12.35903
3 15 60 13.235680000000002
3 15 56 17.20532
3 15 52 13.218910000000001
3 15 48 11.37887
3 15 44 9.85028
3 15 40 9.44045
3 15 36 11.680969999999999
3 15 32 9.0135
3 15 28 8.94381
3 15 24 9.770430000000001
3 15 20 10.408760000000001
3 15 16 11.5304
3 15 12 8.46073
3 15 8 10.49193
3 15 4 8.8344
3 14 64 12.110309999999998
3 14 60 12.04634
3 14 56 14.24269
3 14 52 11.59184
3 14 48 9.8215
3 14 44 11.01044
3 14 40 9.54691
3 14 36 11.96873
3 14 32 9.058530000000001
3 14 28 9.1361
3 14 24 10.11363
3 14 20 8.70294
3 14 16 10.002690000000001
3 14 12 9.844539999999999
3 14 8 9.2159
3 14 4 7.98151
3 13 64 12.77993
3 13 60 13.38515
3 13 56 11.69302
3 13 52 10.963640000000002
3 13 48 9.617280000000001
3 13 44 9.36028
3 13 40 10.038590000000001
3 13 36 9.10487
3 13 32 10.64108
3 13 28 10.37734
3 13 24 8.75929
3 13 20 9.85334
3 13 16 11.447420000000001
3 13 12 8.5662
3 13 8 9.638819999999999
3 13 4 7.943
3 12 64 11.79504
3 12 60 11.56676
3 12 56 12.189729999999999
3 12 52 11.01514
3 12 48 9.9463
3 12 44 11.331389999999999
3 12 40 14.99453
3 12 36 12.88963
3 12 32 12.125630000000001
3 12 28 9.5951
3 12 24 10.47872
3 12 20 8.55034
3 12 16 11.22278
3 12 12 8.33315
3 12 8 8.19136
3 12 4 9.36422
3 11 64 10.59411
3 11 60 12.080760000000001
3 11 56 9.49794
3 11 52 11.25529
3 11 48 9.3152
3 11 44 9.913920000000001
3 11 40 10.791360000000001
3 11 36 10.38608
3 11 32 8.90438
3 11 28 8.7478
3 11 24 13.49444
3 11 20 8.67149
3 11 16 9.22883
3 11 12 9.48244
3 11 8 9.57788
3 11 4 7.908199999999999
3 10 64 18.80805
3 10 60 11.243849999999998
3 10 56 9.53267
3 10 52 9.41312
3 10 48 9.69149
3 10 44 9.150179999999999
3 10 40 9.02623
3 10 36 8.94212
3 10 32 9.94403
3 10 28 10.09159
3 10 24 11.3545
3 10 20 8.59552
3 10 16 8.42736
3 10 12 10.06746
3 10 8 8.28848
3 10 4 9.41572
3 9 64 11.15664
3 9 60 9.76644
3 9 56 9.21665
3 9 52 10.64368
3 9 48 10.17038
3 9 44 9.14484
3 9 40 8.87852
3 9 36 10.50499
3 9 32 10.53379
3 9 28 8.568349999999999
3 9 24 10.11722
3 9 20 8.552800000000001
3 9 16 11.03861
3 9 12 8.27392
3 9 8 10.88535
3 9 4 10.68497
3 8 64 9.32803
3 8 60 10.53344
3 8 56 9.10508
3 8 52 9.15504
3 8 48 10.70953
3 8 44 10.03283
3 8 40 8.93398
3 8 36 8.72502
3 8 32 10.38963
3 8 28 10.24848
3 8 24 10.038530000000002
3 8 20 10.26719
3 8 16 8.366489999999999
3 8 12 9.05775
3 8 8 8.08659
3 8 4 9.38115
3 7 64 10.2726
3 7 60 9.17178
3 7 56 12.405380000000001
3 7 52 9.1782
3 7 48 9.14967
3 7 44 8.884319999999999
3 7 40 8.80067
3 7 36 10.21632
3 7 32 8.55133
3 7 28 10.24173
3 7 24 9.53197
3 7 20 8.463619999999999
3 7 16 8.319849999999999
3 7 12 9.17872
3 7 8 9.62026
3 7 4 7.839449999999999
3 6 64 9.02156
3 6 60 8.96787
3 6 56 10.50675
3 6 52 8.87748
3 6 48 9.02759
3 6 44 9.85772
3 6 40 14.926750000000002
3 6 36 8.56464
3 6 32 9.82521
3 6 28 11.58535
3 6 24 8.45011
3 6 20 8.47251
3 6 16 9.21245
3 6 12 9.41212
3 6 8 8.09715
3 6 4 8.55718
3 5 64 11.85133
3 5 60 10.74172
3 5 56 9.89805
3 5 52 8.64946
3 5 48 9.52714
3 5 44 10.914620000000001
3 5 40 8.52189
3 5 36 10.316279999999999
3 5 32 10.45895
3 5 28 8.47385
3 5 24 11.55684
3 5 20 10.353819999999999
3 5 16 8.13827
3 5 12 9.72649
3 5 8 7.77847
3 5 4 9.45651
3 4 64 10.74822
3 4 60 8.57766
3 4 56 10.28905
3 4 52 9.35546
3 4 48 9.8391
3 4 44 8.69687
3 4 40 9.977699999999999
3 4 36 11.37526
3 4 32 8.77474
3 4 28 11.46371
3 4 24 8.36688
3 4 20 9.39466
3 4 16 9.53923
3 4 12 8.0847
3 4 8 10.75872
3 4 4 7.854360000000001
3 3 64 11.461780000000001
3 3 60 9.908000000000001
3 3 56 8.58732
3 3 52 8.49889
3 3 48 8.39856
3 3 44 10.07732
3 3 40 9.51981
3 3 36 8.23533
3 3 32 9.84925
3 3 28 8.29914
3 3 24 8.011320000000001
3 3 20 8.10669
3 3 16 12.45383
3 3 12 9.24848
3 3 8 7.88265
3 3 4 7.8961
3 2 64 11.00205
3 2 60 8.44371
3 2 56 8.318719999999999
3 2 52 8.307269999999999
3 2 48 9.72301
3 2 44 11.070789999999999
3 2 40 8.24068
3 2 36 10.02608
3 2 32 8.14589
3 2 28 9.38039
3 2 24 8.76665
3 2 20 10.001190000000001
3 2 16 11.698910000000001
3 2 12 7.7506200000000005
3 2 8 9.52278
3 2 4 7.806979999999999
3 1 64 8.038499999999999
3 1 60 8.06941
3 1 56 8.00521
3 1 52 10.73514
3 1 48 8.59856
3 1 44 9.593350000000001
3 1 40 10.09524
3 1 36 7.80634
3 1 32 9.00175
3 1 28 7.87818
3 1 24 9.48292
3 1 20 7.85718
3 1 16 7.961410000000001
3 1 12 7.97728
3 1 8 9.42282
3 1 4 10.55031
